1300000000.00	-0.67
1301000000.00	-0.69
1302000000.00	-0.72
1303000000.00	-0.74
1304000000.00	-0.77
1305000000.00	-0.79
1306000000.00	-0.82
1307000000.00	-0.84
1308000000.00	-0.87
1309000000.00	-0.90
1310000000.00	-0.93
1311000000.00	-0.96
1312000000.00	-0.99
1313000000.00	-1.02
1314000000.00	-1.05
1315000000.00	-1.08
1316000000.00	-1.12
1317000000.00	-1.15
1318000000.00	-1.19
1319000000.00	-1.23
1320000000.00	-1.27
1321000000.00	-1.31
1322000000.00	-1.35
1323000000.00	-1.40
1324000000.00	-1.44
1325000000.00	-1.49
1326000000.00	-1.54
1327000000.00	-1.59
1328000000.00	-1.64
1329000000.00	-1.69
1330000000.00	-1.75
1331000000.00	-1.80
1332000000.00	-1.86
1333000000.00	-1.92
1334000000.00	-1.98
1335000000.00	-2.04
1336000000.00	-2.10
1337000000.00	-2.17
1338000000.00	-2.24
1339000000.00	-2.30
1340000000.00	-2.38
1341000000.00	-2.45
1342000000.00	-2.52
1343000000.00	-2.60
1344000000.00	-2.68
1345000000.00	-2.76
1346000000.00	-2.84
1347000000.00	-2.92
1348000000.00	-3.01
1349000000.00	-3.10
1350000000.00	-3.19
1351000000.00	-3.29
1352000000.00	-3.38
1353000000.00	-3.48
1354000000.00	-3.58
1355000000.00	-3.69
1356000000.00	-3.79
1357000000.00	-3.90
1358000000.00	-4.01
1359000000.00	-4.13
1360000000.00	-4.25
1361000000.00	-4.37
1362000000.00	-4.49
1363000000.00	-4.62
1364000000.00	-4.75
1365000000.00	-4.88
1366000000.00	-5.01
1367000000.00	-5.15
1368000000.00	-5.29
1369000000.00	-5.44
1370000000.00	-5.59
1371000000.00	-5.74
1372000000.00	-5.90
1373000000.00	-6.06
1374000000.00	-6.22
1375000000.00	-6.39
1376000000.00	-6.57
1377000000.00	-6.74
1378000000.00	-6.92
1379000000.00	-7.11
1380000000.00	-7.30
1381000000.00	-7.49
1382000000.00	-7.69
1383000000.00	-7.89
1384000000.00	-8.10
1385000000.00	-8.32
1386000000.00	-8.53
1387000000.00	-8.76
1388000000.00	-8.99
1389000000.00	-9.23
1390000000.00	-9.47
1391000000.00	-9.72
1392000000.00	-9.97
1393000000.00	-10.23
1394000000.00	-10.50
1395000000.00	-10.77
1396000000.00	-11.06
1397000000.00	-11.35
1398000000.00	-11.65
1399000000.00	-11.95
1400000000.00	-12.27
1401000000.00	-12.59
1402000000.00	-12.92
1403000000.00	-13.26
1404000000.00	-13.61
1405000000.00	-13.98
1406000000.00	-14.35
1407000000.00	-14.73
1408000000.00	-15.12
1409000000.00	-15.53
1410000000.00	-15.94
1411000000.00	-16.37
1412000000.00	-16.80
1413000000.00	-17.25
1414000000.00	-17.70
1415000000.00	-18.16
1416000000.00	-18.62
1417000000.00	-19.09
1418000000.00	-19.55
1419000000.00	-20.01
1420000000.00	-20.45
1421000000.00	-20.86
1422000000.00	-21.25
1423000000.00	-21.59
1424000000.00	-21.87
1425000000.00	-22.09
1426000000.00	-22.24
1427000000.00	-22.31
1428000000.00	-22.30
1429000000.00	-22.22
1430000000.00	-22.07
1431000000.00	-21.86
1432000000.00	-21.61
1433000000.00	-21.32
1434000000.00	-21.00
1435000000.00	-20.67
1436000000.00	-20.33
1437000000.00	-19.98
1438000000.00	-19.63
1439000000.00	-19.29
1440000000.00	-18.95
1441000000.00	-18.62
1442000000.00	-18.29
1443000000.00	-17.98
1444000000.00	-17.68
1445000000.00	-17.39
1446000000.00	-17.10
1447000000.00	-16.83
1448000000.00	-16.57
1449000000.00	-16.32
1450000000.00	-16.08
1451000000.00	-15.85
1452000000.00	-15.62
1453000000.00	-15.41
1454000000.00	-15.20
1455000000.00	-15.00
1456000000.00	-14.81
1457000000.00	-14.63
1458000000.00	-14.46
1459000000.00	-14.28
1460000000.00	-14.12
1461000000.00	-13.96
1462000000.00	-13.81
1463000000.00	-13.67
1464000000.00	-13.53
1465000000.00	-13.39
1466000000.00	-13.26
1467000000.00	-13.14
1468000000.00	-13.02
1469000000.00	-12.91
1470000000.00	-12.80
1471000000.00	-12.69
1472000000.00	-12.59
1473000000.00	-12.49
1474000000.00	-12.40
1475000000.00	-12.31
1476000000.00	-12.22
1477000000.00	-12.14
1478000000.00	-12.06
1479000000.00	-11.99
1480000000.00	-11.92
1481000000.00	-11.85
1482000000.00	-11.78
1483000000.00	-11.72
1484000000.00	-11.66
1485000000.00	-11.60
1486000000.00	-11.55
1487000000.00	-11.49
1488000000.00	-11.45
1489000000.00	-11.40
1490000000.00	-11.36
1491000000.00	-11.32
1492000000.00	-11.28
1493000000.00	-11.24
1494000000.00	-11.21
1495000000.00	-11.18
1496000000.00	-11.15
1497000000.00	-11.12
1498000000.00	-11.10
1499000000.00	-11.08
1500000000.00	-11.06
1501000000.00	-11.04
1502000000.00	-11.02
1503000000.00	-11.01
1504000000.00	-11.00
1505000000.00	-10.99
1506000000.00	-10.98
1507000000.00	-10.97
1508000000.00	-10.97
1509000000.00	-10.97
1510000000.00	-10.97
1511000000.00	-10.97
1512000000.00	-10.97
1513000000.00	-10.98
1514000000.00	-10.99
1515000000.00	-11.00
1516000000.00	-11.01
1517000000.00	-11.02
1518000000.00	-11.04
1519000000.00	-11.05
1520000000.00	-11.07
1521000000.00	-11.09
1522000000.00	-11.12
1523000000.00	-11.14
1524000000.00	-11.17
1525000000.00	-11.20
1526000000.00	-11.23
1527000000.00	-11.26
1528000000.00	-11.29
1529000000.00	-11.33
1530000000.00	-11.36
1531000000.00	-11.40
1532000000.00	-11.44
1533000000.00	-11.49
1534000000.00	-11.53
1535000000.00	-11.58
1536000000.00	-11.63
1537000000.00	-11.68
1538000000.00	-11.73
1539000000.00	-11.78
1540000000.00	-11.84
1541000000.00	-11.90
1542000000.00	-11.96
1543000000.00	-12.02
1544000000.00	-12.08
1545000000.00	-12.15
1546000000.00	-12.21
1547000000.00	-12.28
1548000000.00	-12.35
1549000000.00	-12.43
1550000000.00	-12.50
1551000000.00	-12.58
1552000000.00	-12.66
1553000000.00	-12.74
1554000000.00	-12.82
1555000000.00	-12.91
1556000000.00	-12.99
1557000000.00	-13.08
1558000000.00	-13.17
1559000000.00	-13.27
1560000000.00	-13.36
1561000000.00	-13.46
1562000000.00	-13.55
1563000000.00	-13.66
1564000000.00	-13.76
1565000000.00	-13.86
1566000000.00	-13.97
1567000000.00	-14.08
1568000000.00	-14.18
1569000000.00	-14.30
1570000000.00	-14.41
1571000000.00	-14.52
1572000000.00	-14.64
1573000000.00	-14.75
1574000000.00	-14.87
1575000000.00	-14.99
1576000000.00	-15.11
1577000000.00	-15.23
1578000000.00	-15.35
1579000000.00	-15.47
1580000000.00	-15.59
1581000000.00	-15.72
1582000000.00	-15.84
1583000000.00	-15.96
1584000000.00	-16.08
1585000000.00	-16.20
1586000000.00	-16.32
1587000000.00	-16.43
1588000000.00	-16.55
1589000000.00	-16.66
1590000000.00	-16.77
1591000000.00	-16.87
1592000000.00	-16.97
1593000000.00	-17.07
1594000000.00	-17.16
1595000000.00	-17.24
1596000000.00	-17.32
1597000000.00	-17.40
1598000000.00	-17.46
1599000000.00	-17.52
1600000000.00	-17.58
1601000000.00	-17.62
1602000000.00	-17.66
1603000000.00	-17.68
1604000000.00	-17.70
1605000000.00	-17.71
1606000000.00	-17.71
1607000000.00	-17.70
1608000000.00	-17.68
1609000000.00	-17.65
1610000000.00	-17.61
1611000000.00	-17.57
1612000000.00	-17.51
1613000000.00	-17.45
1614000000.00	-17.38
1615000000.00	-17.30
1616000000.00	-17.21
1617000000.00	-17.13
1618000000.00	-17.03
1619000000.00	-16.93
1620000000.00	-16.82
1621000000.00	-16.70
1622000000.00	-16.59
1623000000.00	-16.47
1624000000.00	-16.35
1625000000.00	-16.22
1626000000.00	-16.09
1627000000.00	-15.96
1628000000.00	-15.83
1629000000.00	-15.70
1630000000.00	-15.56
1631000000.00	-15.43
1632000000.00	-15.29
1633000000.00	-15.16
1634000000.00	-15.02
1635000000.00	-14.89
1636000000.00	-14.76
1637000000.00	-14.62
1638000000.00	-14.49
1639000000.00	-14.36
1640000000.00	-14.23
1641000000.00	-14.10
1642000000.00	-13.97
1643000000.00	-13.85
1644000000.00	-13.72
1645000000.00	-13.60
1646000000.00	-13.47
1647000000.00	-13.35
1648000000.00	-13.23
1649000000.00	-13.12
1650000000.00	-13.00
1651000000.00	-12.89
1652000000.00	-12.78
1653000000.00	-12.67
1654000000.00	-12.56
1655000000.00	-12.45
1656000000.00	-12.35
1657000000.00	-12.24
1658000000.00	-12.14
1659000000.00	-12.04
1660000000.00	-11.94
1661000000.00	-11.85
1662000000.00	-11.75
1663000000.00	-11.66
1664000000.00	-11.57
1665000000.00	-11.48
1666000000.00	-11.39
1667000000.00	-11.31
1668000000.00	-11.22
1669000000.00	-11.14
1670000000.00	-11.06
1671000000.00	-10.98
1672000000.00	-10.90
1673000000.00	-10.82
1674000000.00	-10.75
1675000000.00	-10.67
1676000000.00	-10.60
1677000000.00	-10.53
1678000000.00	-10.46
1679000000.00	-10.39
1680000000.00	-10.33
1681000000.00	-10.26
1682000000.00	-10.20
1683000000.00	-10.14
1684000000.00	-10.08
1685000000.00	-10.02
1686000000.00	-9.96
1687000000.00	-9.90
1688000000.00	-9.84
1689000000.00	-9.79
1690000000.00	-9.73
1691000000.00	-9.68
1692000000.00	-9.63
1693000000.00	-9.58
1694000000.00	-9.53
1695000000.00	-9.48
1696000000.00	-9.43
1697000000.00	-9.39
1698000000.00	-9.34
1699000000.00	-9.30
1700000000.00	-9.25
1701000000.00	-9.21
1702000000.00	-9.17
1703000000.00	-9.13
1704000000.00	-9.09
1705000000.00	-9.05
1706000000.00	-9.01
1707000000.00	-8.97
1708000000.00	-8.93
1709000000.00	-8.89
1710000000.00	-8.86
1711000000.00	-8.82
1712000000.00	-8.79
1713000000.00	-8.75
1714000000.00	-8.72
1715000000.00	-8.68
1716000000.00	-8.65
1717000000.00	-8.61
1718000000.00	-8.58
1719000000.00	-8.55
1720000000.00	-8.52
1721000000.00	-8.49
1722000000.00	-8.46
1723000000.00	-8.43
1724000000.00	-8.40
1725000000.00	-8.37
1726000000.00	-8.35
1727000000.00	-8.33
1728000000.00	-8.30
1729000000.00	-8.29
1730000000.00	-8.27
1731000000.00	-8.26
1732000000.00	-8.25
1733000000.00	-8.24
1734000000.00	-8.23
1735000000.00	-8.23
1736000000.00	-8.23
1737000000.00	-8.23
1738000000.00	-8.24
1739000000.00	-8.24
1740000000.00	-8.25
1741000000.00	-8.27
1742000000.00	-8.28
1743000000.00	-8.30
1744000000.00	-8.31
1745000000.00	-8.33
1746000000.00	-8.36
1747000000.00	-8.38
1748000000.00	-8.40
1749000000.00	-8.43
1750000000.00	-8.46
1751000000.00	-8.49
1752000000.00	-8.52
1753000000.00	-8.55
1754000000.00	-8.58
1755000000.00	-8.62
1756000000.00	-8.66
1757000000.00	-8.69
1758000000.00	-8.73
1759000000.00	-8.77
1760000000.00	-8.81
1761000000.00	-8.85
1762000000.00	-8.90
1763000000.00	-8.94
1764000000.00	-8.99
1765000000.00	-9.04
1766000000.00	-9.09
1767000000.00	-9.14
1768000000.00	-9.19
1769000000.00	-9.25
1770000000.00	-9.30
1771000000.00	-9.36
1772000000.00	-9.43
1773000000.00	-9.49
1774000000.00	-9.56
1775000000.00	-9.63
1776000000.00	-9.71
1777000000.00	-9.79
1778000000.00	-9.88
1779000000.00	-9.97
1780000000.00	-10.07
1781000000.00	-10.18
1782000000.00	-10.29
1783000000.00	-10.42
1784000000.00	-10.55
1785000000.00	-10.69
1786000000.00	-10.84
1787000000.00	-11.01
1788000000.00	-11.18
1789000000.00	-11.37
1790000000.00	-11.56
1791000000.00	-11.77
1792000000.00	-11.98
1793000000.00	-12.21
1794000000.00	-12.44
1795000000.00	-12.69
1796000000.00	-12.93
1797000000.00	-13.19
1798000000.00	-13.45
1799000000.00	-13.72
1800000000.00	-13.99
1801000000.00	-14.27
1802000000.00	-14.56
1803000000.00	-14.85
1804000000.00	-15.14
1805000000.00	-15.45
1806000000.00	-15.76
1807000000.00	-16.08
1808000000.00	-16.41
1809000000.00	-16.75
1810000000.00	-17.10
1811000000.00	-17.46
1812000000.00	-17.84
1813000000.00	-18.24
1814000000.00	-18.65
1815000000.00	-19.09
1816000000.00	-19.54
1817000000.00	-20.03
1818000000.00	-20.54
1819000000.00	-21.08
1820000000.00	-21.66
1821000000.00	-22.28
1822000000.00	-22.95
1823000000.00	-23.67
1824000000.00	-24.46
1825000000.00	-25.32
1826000000.00	-26.29
1827000000.00	-28.31
1828000000.00	-28.25
1829000000.00	-29.49
1830000000.00	-30.74
1831000000.00	-31.92
1832000000.00	-32.83
1833000000.00	-33.18
1834000000.00	-32.82
1835000000.00	-31.89
1836000000.00	-30.67
1837000000.00	-29.39
1838000000.00	-28.14
1839000000.00	-26.98
1840000000.00	-25.91
1841000000.00	-24.93
1842000000.00	-24.03
1843000000.00	-23.20
1844000000.00	-22.43
1845000000.00	-21.72
1846000000.00	-21.05
1847000000.00	-20.43
1848000000.00	-19.85
1849000000.00	-19.30
1850000000.00	-18.78
1851000000.00	-18.28
1852000000.00	-17.82
1853000000.00	-17.37
1854000000.00	-16.95
1855000000.00	-16.54
1856000000.00	-16.16
1857000000.00	-15.78
1858000000.00	-15.43
1859000000.00	-15.09
1860000000.00	-14.76
1861000000.00	-14.44
1862000000.00	-14.13
1863000000.00	-13.84
1864000000.00	-13.56
1865000000.00	-13.28
1866000000.00	-13.01
1867000000.00	-12.76
1868000000.00	-12.51
1869000000.00	-12.27
1870000000.00	-12.03
1871000000.00	-11.81
1872000000.00	-11.59
1873000000.00	-11.37
1874000000.00	-11.17
1875000000.00	-10.96
1876000000.00	-10.77
1877000000.00	-10.58
1878000000.00	-10.39
1879000000.00	-10.21
1880000000.00	-10.04
1881000000.00	-9.87
1882000000.00	-9.70
1883000000.00	-9.54
1884000000.00	-9.38
1885000000.00	-9.23
1886000000.00	-9.08
1887000000.00	-8.93
1888000000.00	-8.79
1889000000.00	-8.65
1890000000.00	-8.52
1891000000.00	-8.38
1892000000.00	-8.26
1893000000.00	-8.13
1894000000.00	-8.01
1895000000.00	-7.89
1896000000.00	-7.77
1897000000.00	-7.66
1898000000.00	-7.55
1899000000.00	-7.44
1900000000.00	-7.33
